xof 0303txt 0032
template ColorRGBA {
 <35ff44e0-6c7c-11cf-8f52-0040333594a3>
 FLOAT red;
 FLOAT green;
 FLOAT blue;
 FLOAT alpha;
}

template ColorRGB {
 <d3e16e81-7835-11cf-8f52-0040333594a3>
 FLOAT red;
 FLOAT green;
 FLOAT blue;
}

template Material {
 <3d82ab4d-62da-11cf-ab39-0020af71e433>
 ColorRGBA faceColor;
 FLOAT power;
 ColorRGB specularColor;
 ColorRGB emissiveColor;
 [...]
}

template TextureFilename {
 <a42790e1-7810-11cf-8f52-0040333594a3>
 STRING filename;
}

template Frame {
 <3d82ab46-62da-11cf-ab39-0020af71e433>
 [...]
}

template Matrix4x4 {
 <f6f23f45-7686-11cf-8f52-0040333594a3>
 array FLOAT matrix[16];
}

template FrameTransformMatrix {
 <f6f23f41-7686-11cf-8f52-0040333594a3>
 Matrix4x4 frameMatrix;
}

template Vector {
 <3d82ab5e-62da-11cf-ab39-0020af71e433>
 FLOAT x;
 FLOAT y;
 FLOAT z;
}

template MeshFace {
 <3d82ab5f-62da-11cf-ab39-0020af71e433>
 DWORD nFaceVertexIndices;
 array DWORD faceVertexIndices[nFaceVertexIndices];
}

template Mesh {
 <3d82ab44-62da-11cf-ab39-0020af71e433>
 DWORD nVertices;
 array Vector vertices[nVertices];
 DWORD nFaces;
 array MeshFace faces[nFaces];
 [...]
}

template MeshNormals {
 <f6f23f43-7686-11cf-8f52-0040333594a3>
 DWORD nNormals;
 array Vector normals[nNormals];
 DWORD nFaceNormals;
 array MeshFace faceNormals[nFaceNormals];
}

template MeshMaterialList {
 <f6f23f42-7686-11cf-8f52-0040333594a3>
 DWORD nMaterials;
 DWORD nFaceIndexes;
 array DWORD faceIndexes[nFaceIndexes];
 [Material <3d82ab4d-62da-11cf-ab39-0020af71e433>]
}

template Coords2d {
 <f6f23f44-7686-11cf-8f52-0040333594a3>
 FLOAT u;
 FLOAT v;
}

template MeshTextureCoords {
 <f6f23f40-7686-11cf-8f52-0040333594a3>
 DWORD nTextureCoords;
 array Coords2d textureCoords[nTextureCoords];
}

template XSkinMeshHeader {
 <3cf169ce-ff7c-44ab-93c0-f78f62d172e2>
 WORD nMaxSkinWeightsPerVertex;
 WORD nMaxSkinWeightsPerFace;
 WORD nBones;
}

template SkinWeights {
 <6f0d123b-bad2-4167-a0d0-80224f25fabb>
 STRING transformNodeName;
 DWORD nWeights;
 array DWORD vertexIndices[nWeights];
 array FLOAT weights[nWeights];
 Matrix4x4 matrixOffset;
}

template AnimTicksPerSecond {
 <9e415a43-7ba6-4a73-8743-b73d47e88476>
 DWORD AnimTicksPerSecond;
}

template Animation {
 <3d82ab4f-62da-11cf-ab39-0020af71e433>
 [...]
}

template AnimationSet {
 <3d82ab50-62da-11cf-ab39-0020af71e433>
 [Animation <3d82ab4f-62da-11cf-ab39-0020af71e433>]
}

template FloatKeys {
 <10dd46a9-775b-11cf-8f52-0040333594a3>
 DWORD nValues;
 array FLOAT values[nValues];
}

template TimedFloatKeys {
 <f406b180-7b3b-11cf-8f52-0040333594a3>
 DWORD time;
 FloatKeys tfkeys;
}

template AnimationKey {
 <10dd46a8-775b-11cf-8f52-0040333594a3>
 DWORD keyType;
 DWORD nKeys;
 array TimedFloatKeys keys[nKeys];
}


Material _02_-_Default {
 0.588235;0.588235;0.588235;1.000000;;
 9.999999;
 0.000000;0.000000;0.000000;;
 0.000000;0.000000;0.000000;;

 TextureFilename {
  "arbia_body.png";
 }
}

Material _01_-_Default {
 0.588235;0.588235;0.588235;1.000000;;
 9.999999;
 0.000000;0.000000;0.000000;;
 0.000000;0.000000;0.000000;;

 TextureFilename {
  "arbia_skart.png";
 }
}

Material _03_-_Default {
 0.588235;0.588235;0.588235;1.000000;;
 9.999999;
 0.000000;0.000000;0.000000;;
 0.000000;0.000000;0.000000;;

 TextureFilename {
  "arbia_kao.png";
 }
}

Material _08_-_Default {
 0.588235;0.588235;0.588235;1.000000;;
 9.999999;
 0.000000;0.000000;0.000000;;
 0.000000;0.000000;0.000000;;

 TextureFilename {
  "arbia_usirogami.png";
 }
}

Material _07_-_Default {
 0.588235;0.588235;0.588235;1.000000;;
 9.999999;
 0.000000;0.000000;0.000000;;
 0.000000;0.000000;0.000000;;

 TextureFilename {
  "arbia_kami.png";
 }
}

Frame _ {
 

 FrameTransformMatrix {
  1.000000,0.000000,0.000000,0.000000,0.000000,1.000000,0.000000,0.000000,0.000000,0.000000,1.000000,0.000000,0.000000,0.000000,0.000000,1.000000;;
 }

 Frame null {
  

  FrameTransformMatrix {
   0.011034,0.999768,-0.018477,0.000000,-0.000193,-0.018476,-0.999829,0.000000,-0.999939,0.011035,-0.000011,0.000000,0.002594,-0.069474,0.000000,1.000000;;
  }

  Frame koshi {
   

   FrameTransformMatrix {
    0.999508,0.006606,0.030647,0.000000,-0.006607,0.999978,-0.000051,0.000000,-0.030646,-0.000151,0.999530,0.000000,9.890960,-0.016746,0.001733,1.000000;;
   }

   Frame hara {
    

    FrameTransformMatrix {
     0.988429,0.151680,-0.001132,0.000000,-0.151648,0.987999,-0.029326,0.000000,-0.003329,0.029158,0.999569,0.000000,1.700883,-0.014815,0.000425,1.000000;;
    }

    Frame nune {
     

     FrameTransformMatrix {
      0.945306,-0.324830,-0.029684,0.000000,0.326098,0.943216,0.063270,0.000000,0.007447,-0.069489,0.997555,0.000000,1.621512,0.044229,0.032238,1.000000;;
     }

     Frame kubi {
      

      FrameTransformMatrix {
       0.941520,0.336595,0.015580,0.000000,-0.336830,0.941426,0.016221,0.000000,-0.009207,-0.020520,0.999747,0.000000,3.048645,0.000001,-0.000053,1.000000;;
      }

      Frame atama {
       

       FrameTransformMatrix {
        0.997394,0.072004,-0.004596,0.000000,-0.072007,0.997404,-0.000673,0.000000,0.004536,0.001002,0.999989,0.000000,0.604160,-0.086383,-0.000106,1.000000;;
       }

       Frame kaminoke_usiro_1 {
        

        FrameTransformMatrix {
         -0.746415,-0.665477,-0.002396,0.000000,-0.665479,0.746416,0.000379,0.000000,0.001536,0.001877,-0.999997,0.000000,2.809999,0.015894,-0.000444,1.000000;;
        }

        Frame kaminoke_usiro_2 {
         

         FrameTransformMatrix {
          0.869900,0.493174,-0.007377,0.000000,-0.493020,0.869869,0.016087,0.000000,0.014351,-0.010357,0.999843,0.000000,1.463880,0.000002,0.000000,1.000000;;
         }

         Frame kaminoke_usiro_3 {
          

          FrameTransformMatrix {
           0.996521,0.082926,0.008338,0.000000,-0.083059,0.996396,0.017223,0.000000,-0.006880,-0.017855,0.999817,0.000000,1.778611,0.000005,0.000000,1.000000;;
          }

          Frame kaminoke_usiro_4 {
           

           FrameTransformMatrix {
            0.952387,0.301483,-0.045457,0.000000,-0.294157,0.947801,0.123061,0.000000,0.080185,-0.103831,0.991357,0.000000,1.963520,0.000004,0.000000,1.000000;;
           }

           Frame kaminoke_usiro_5 {
            

            FrameTransformMatrix {
             3.629390,-0.772058,0.024567,0.000000,0.207973,0.978057,0.012310,0.000000,-0.009037,-0.010663,0.999902,0.000000,1.761582,0.000000,0.000000,1.000000;;
            }
           }
          }
         }
        }
       }

       Frame kami_said_r_1 {
        

        FrameTransformMatrix {
         -0.921333,0.262196,0.287053,0.000000,0.269261,0.962945,-0.015331,0.000000,-0.280436,0.063167,-0.957792,0.000000,0.971165,-0.410100,1.353238,1.000000;;
        }

        Frame kami_said_r_2 {
         

         FrameTransformMatrix {
          0.946274,-0.300045,-0.120573,0.000000,0.299440,0.953825,-0.023538,0.000000,0.122068,-0.013831,0.992425,0.000000,1.131373,0.000000,-0.000000,1.000000;;
         }

         Frame kami_said_r_3 {
          

          FrameTransformMatrix {
           0.895907,-0.334950,-0.291820,0.000000,0.310611,0.941939,-0.127557,0.000000,0.317602,0.023636,0.947929,0.000000,1.268503,-0.000000,0.000000,1.000000;;
          }

          Frame kami_said_r_4 {
           

           FrameTransformMatrix {
            0.929126,0.318699,0.187498,0.000000,-0.286074,0.940844,-0.181586,0.000000,-0.234278,0.115078,0.965335,0.000000,1.620282,0.000000,0.000001,1.000000;;
           }

           Frame kami_said_r_5 {
            

            FrameTransformMatrix {
             0.678073,0.321666,0.660869,0.000000,0.137744,0.827603,-0.544150,0.000000,-0.721972,0.460004,0.516868,0.000000,1.152918,-0.000000,0.000000,1.000000;;
            }
           }
          }
         }
        }
       }

       Frame kami_said_L_1 {
        

        FrameTransformMatrix {
         -0.919148,0.248635,-0.305529,0.000000,0.266055,0.963824,-0.016049,0.000000,0.290486,-0.096039,-0.952047,0.000000,1.053656,-0.424352,-1.221100,1.000000;;
        }

        Frame kami_said_L_2 {
         

         FrameTransformMatrix {
          0.972009,-0.190385,0.137667,0.000000,0.186165,0.981576,0.043026,0.000000,-0.143322,-0.016193,0.989543,0.000000,1.197691,0.000000,0.000000,1.000000;;
         }

         Frame kami_said_L_3 {
          

          FrameTransformMatrix {
           0.894013,-0.344235,0.286778,0.000000,0.319251,0.938528,0.131319,0.000000,-0.314354,-0.025847,0.948954,0.000000,1.358951,0.000000,0.000000,1.000000;;
          }

          Frame kami_said_L_4 {
           

           FrameTransformMatrix {
            0.963597,-0.039621,-0.264408,0.000000,0.058311,0.996295,0.063216,0.000000,0.260923,-0.076333,0.962337,0.000000,1.405279,0.000000,0.000000,1.000000;;
           }

           Frame kami_said_L_5 {
            

            FrameTransformMatrix {
             0.795940,0.178052,-0.578599,0.000000,-0.010632,0.959733,0.280712,0.000000,0.605282,-0.217279,0.765783,0.000000,1.121575,0.000000,-0.000004,1.000000;;
            }
           }
          }
         }
        }
       }
      }
     }

     Frame kata_L {
      

      FrameTransformMatrix {
       -0.342798,-0.429587,-0.835430,0.000000,-0.134065,0.902584,-0.409107,0.000000,0.929793,-0.028239,-0.366997,0.000000,3.061696,-0.091110,-0.001830,1.000000;;
      }

      Frame jyouwan_L {
       

       FrameTransformMatrix {
        0.566905,0.113669,-0.815903,0.000000,0.009655,0.989449,0.144556,0.000000,0.823726,-0.089827,0.559826,0.000000,1.709427,-0.000000,0.000000,1.000000;;
       }

       Frame gewan_L {
        

        FrameTransformMatrix {
         0.999885,-0.000000,0.015160,0.000000,-0.000000,1.000000,0.000002,0.000000,-0.015161,-0.000002,0.999885,0.000000,2.394558,-0.000002,0.000000,1.000000;;
        }

        Frame tekubi_L {
         

         FrameTransformMatrix {
          0.951789,-0.155140,-0.264630,0.000000,0.107350,0.976587,-0.186422,0.000000,0.287356,0.149026,0.946159,0.000000,2.411261,-0.000000,0.000000,1.000000;;
         }

         Frame yubisaki_L {
          

          FrameTransformMatrix {
           0.244585,-0.023922,-0.969333,0.000000,0.472110,0.876131,0.097502,0.000000,0.846930,-0.481479,0.225582,0.000000,1.017967,0.000000,0.000030,1.000000;;
          }
         }
        }
       }
      }
     }

     Frame kata_r {
      

      FrameTransformMatrix {
       -0.418761,-0.036887,0.907347,0.000000,-0.142156,0.989519,-0.025380,0.000000,-0.896901,-0.139613,-0.419615,0.000000,3.063294,-0.087534,-0.163981,1.000000;;
      }

      Frame jyouwan_R {
       

       FrameTransformMatrix {
        0.715157,0.125314,0.687638,0.000000,-0.102032,0.991975,-0.074661,0.000000,-0.691476,-0.016767,0.722204,0.000000,1.709427,-0.000003,0.000001,1.000000;;
       }

       Frame gewan_R {
        

        FrameTransformMatrix {
         0.999885,-0.000000,-0.015160,0.000000,-0.000000,1.000000,-0.000002,0.000000,0.015160,0.000002,0.999885,0.000000,2.394556,0.000004,0.000000,1.000000;;
        }

        Frame tekubi_r {
         

         FrameTransformMatrix {
          0.981226,0.000004,-0.192861,0.000000,-0.000004,1.000000,-0.000001,0.000000,0.192861,0.000002,0.981226,0.000000,2.411261,-0.000000,0.000001,1.000000;;
         }

         Frame yubisaki_r {
          

          FrameTransformMatrix {
           -0.170766,0.139350,0.975408,0.000000,0.281968,0.955459,-0.087136,0.000000,-0.944104,0.260154,-0.202452,0.000000,1.017970,-0.000000,-0.000030,1.000000;;
          }
         }
        }
       }
      }
     }
    }
   }

   Frame skart_sita_5_1 {
    

    FrameTransformMatrix {
     -0.414592,-0.909443,0.032033,0.000000,-0.117817,0.088548,0.989079,0.000000,-0.902349,0.406290,-0.143859,0.000000,1.607993,-0.739316,-0.054684,1.000000;;
    }

    Frame skart_sita_5_2 {
     

     FrameTransformMatrix {
      0.917695,0.028440,0.396266,0.000000,0.211058,0.810142,-0.546923,0.000000,-0.336586,0.585544,0.737461,0.000000,2.003047,-0.000000,0.000040,1.000000;;
     }

     Frame skart_sita_5_3 {
      

      FrameTransformMatrix {
       0.955049,-0.065916,0.289025,0.000000,-0.296209,-0.251222,0.921492,0.000000,0.011869,-0.965682,-0.259454,0.000000,1.487395,0.000000,-0.000024,1.000000;;
      }

      Frame skart_sita_5_4 {
       

       FrameTransformMatrix {
        0.988198,-0.153028,0.006855,0.000000,-0.091055,-0.550830,0.829636,0.000000,-0.123182,-0.820468,-0.558263,0.000000,2.830714,0.000000,0.000000,1.000000;;
       }
      }
     }
    }
   }

   Frame skart_sita_6_1 {
    

    FrameTransformMatrix {
     -0.660638,-0.570695,0.487714,0.000000,-0.179793,0.751050,0.635294,0.000000,-0.728857,0.332012,-0.598779,0.000000,1.811386,-0.944081,0.784440,1.000000;;
    }

    Frame skart_sita_6_2 {
     

     FrameTransformMatrix {
      0.956323,-0.075415,0.282415,0.000000,-0.271547,0.128427,0.953818,0.000000,-0.108202,-0.988847,0.102339,0.000000,1.974783,0.000000,0.000001,1.000000;;
     }

     Frame skart_sita_6_3 {
      

      FrameTransformMatrix {
       0.988355,0.099534,-0.115100,0.000000,0.108701,0.067506,0.991780,0.000000,0.106486,-0.992742,0.055900,0.000000,2.051747,0.000021,0.000028,1.000000;;
      }

      Frame skart_sita_6_4 {
       

       FrameTransformMatrix {
        0.995119,0.097734,-0.013656,0.000000,0.012992,-0.266923,-0.963630,0.000000,-0.097824,0.958749,-0.266890,0.000000,1.779707,-0.000008,0.000008,1.000000;;
       }
      }
     }
    }
   }

   Frame skart_sita_4_1 {
    

    FrameTransformMatrix {
     -0.688805,-0.510564,-0.514656,0.000000,-0.570148,0.819994,-0.050400,0.000000,0.447748,0.258714,-0.855914,0.000000,2.029177,-1.008299,-0.966073,1.000000;;
    }

    Frame skart_sita_4_2 {
     

     FrameTransformMatrix {
      0.871195,0.241765,-0.427281,0.000000,0.441660,-0.005922,0.897163,0.000000,0.214372,-0.970317,-0.111937,0.000000,2.317749,0.000000,-0.000000,1.000000;;
     }

     Frame skart_sita_4_3 {
      

      FrameTransformMatrix {
       0.991801,-0.047427,0.118663,0.000000,0.017091,0.969467,0.244627,0.000000,-0.126642,-0.240594,0.962329,0.000000,1.806252,0.000000,0.000000,1.000000;;
      }

      Frame skart_sita_4_4 {
       

       FrameTransformMatrix {
        0.990650,0.126944,-0.049979,0.000000,0.081326,-0.255349,0.963423,0.000000,0.109539,-0.958479,-0.263285,0.000000,2.691640,0.000000,-0.000000,1.000000;;
       }
      }
     }
    }
   }

   Frame skart_sita_7_1 {
    

    FrameTransformMatrix {
     -0.744943,0.062180,0.664225,0.000000,0.053272,0.998012,-0.033682,0.000000,-0.664998,0.010293,-0.746774,0.000000,1.578183,-0.494304,1.386697,1.000000;;
    }

    Frame skart_sita_7_2 {
     

     FrameTransformMatrix {
      0.909517,-0.048742,0.412799,0.000000,0.039831,0.998751,0.030169,0.000000,-0.413755,-0.010997,0.910322,0.000000,2.630686,0.000000,0.000063,1.000000;;
     }

     Frame skart_sita_7_3 {
      

      FrameTransformMatrix {
       0.991224,-0.129881,0.024643,0.000000,0.131171,0.943092,-0.305568,0.000000,0.016447,0.306118,0.951851,0.000000,2.028172,0.000000,-0.000052,1.000000;;
      }

      Frame skart_sita_7_4 {
       

       FrameTransformMatrix {
        0.941351,0.005307,-0.337387,0.000000,0.025102,0.996004,0.085705,0.000000,0.336494,-0.089148,0.937456,0.000000,2.086300,0.000000,-0.000001,1.000000;;
       }
      }
     }
    }
   }

   Frame skart_sita_3_1 {
    

    FrameTransformMatrix {
     -0.786878,0.073214,-0.612750,0.000000,0.035821,0.996682,0.073088,0.000000,0.616068,0.035562,-0.786890,0.000000,1.995018,-0.431984,-1.196280,1.000000;;
    }

    Frame skart_sita_3_2 {
     

     FrameTransformMatrix {
      0.942357,-0.070546,-0.327089,0.000000,0.081583,0.996463,0.020127,0.000000,0.324512,-0.045652,0.944779,0.000000,3.151551,-0.000000,0.000000,1.000000;;
     }

     Frame skart_sita_3_3 {
      

      FrameTransformMatrix {
       0.980575,-0.166732,-0.103311,0.000000,0.191234,0.929782,0.314540,0.000000,0.043613,-0.328187,0.943606,0.000000,2.158918,0.000000,-0.000001,1.000000;;
      }

      Frame skart_sita_3_4 {
       

       FrameTransformMatrix {
        0.989733,-0.066028,0.126763,0.000000,-0.113371,0.177412,0.977585,0.000000,-0.087037,-0.981919,0.168105,0.000000,2.766564,0.000001,-0.000077,1.000000;;
       }
      }
     }
    }
   }

   Frame skart_sita_8_1 {
    

    FrameTransformMatrix {
     -0.716932,0.360716,0.596568,0.000000,0.126113,0.908719,-0.397901,0.000000,-0.685641,-0.210034,-0.696980,0.000000,1.558561,0.625084,1.019890,1.000000;;
    }

    Frame skart_sita_8_2 {
     

     FrameTransformMatrix {
      0.844037,-0.237258,0.480947,0.000000,-0.466403,0.117911,0.876679,0.000000,-0.264708,-0.964264,-0.011137,0.000000,3.525072,-0.000000,-0.000125,1.000000;;
     }

     Frame skart_sita_8_3 {
      

      FrameTransformMatrix {
       0.994955,0.100298,0.002174,0.000000,0.043898,-0.454754,0.889535,0.000000,0.090208,-0.884952,-0.456862,0.000000,2.272189,0.000000,0.000067,1.000000;;
      }

      Frame skart_sita_8_4 {
       

       FrameTransformMatrix {
        0.877596,0.034413,0.478164,0.000000,-0.121164,0.980960,0.151779,0.000000,-0.463836,-0.191136,0.865057,0.000000,2.080312,0.000000,0.000000,1.000000;;
       }
      }
     }
    }
   }

   Frame skart_sita_9_1 {
    

    FrameTransformMatrix {
     -0.821100,0.332972,0.463599,0.000000,0.345084,0.936556,-0.061471,0.000000,-0.454655,0.109507,-0.883910,0.000000,1.534675,1.623433,0.200445,1.000000;;
    }

    Frame skart_sita_9_2 {
     

     FrameTransformMatrix {
      0.908376,-0.059400,0.413913,0.000000,0.008206,-0.987136,-0.159671,0.000000,0.418073,0.148438,-0.896204,0.000000,3.462576,0.000000,-0.000000,1.000000;;
     }

     Frame skart_sita_9_3 {
      

      FrameTransformMatrix {
       0.964627,0.262305,-0.026292,0.000000,-0.072807,0.360940,0.929743,0.000000,0.253366,-0.894940,0.367270,0.000000,2.397264,0.000000,0.000076,1.000000;;
      }

      Frame skart_sita_9_4 {
       

       FrameTransformMatrix {
        0.994242,0.054957,0.091992,0.000000,0.095400,-0.062992,-0.993444,0.000000,-0.048802,0.996500,-0.067872,0.000000,2.170631,0.000030,0.000050,1.000000;;
       }
      }
     }
    }
   }

   Frame skart_sita_2_1 {
    

    FrameTransformMatrix {
     -0.841262,0.390945,-0.373417,0.000000,0.264095,0.899864,0.347130,0.000000,0.471733,0.193409,-0.860268,0.000000,1.677077,0.783872,-1.046855,1.000000;;
    }

    Frame skart_sita_2_2 {
     

     FrameTransformMatrix {
      0.947757,-0.264814,-0.177847,0.000000,0.318544,0.815212,0.483693,0.000000,0.016894,-0.515076,0.856978,0.000000,3.544462,0.000000,0.000000,1.000000;;
     }

     Frame skart_sita_2_3 {
      

      FrameTransformMatrix {
       0.986138,-0.069649,-0.150598,0.000000,-0.130591,0.234106,-0.963400,0.000000,0.102355,0.969713,0.221766,0.000000,2.466756,-0.000000,0.000001,1.000000;;
      }

      Frame skart_sita_2_4 {
       

       FrameTransformMatrix {
        0.961936,-0.248853,0.112921,0.000000,0.001706,0.418676,0.908134,0.000000,-0.273269,-0.873374,0.403164,0.000000,2.930162,0.000001,-0.000002,1.000000;;
       }
      }
     }
    }
   }

   Frame skart_sita_1_1 {
    

    FrameTransformMatrix {
     -0.817854,0.574097,0.039078,0.000000,0.480871,0.644588,0.594365,0.000000,0.316034,0.504895,-0.803245,0.000000,1.234792,1.286438,0.134784,1.000000;;
    }

    Frame skart_sita_1_2 {
     

     FrameTransformMatrix {
      0.936945,-0.327434,-0.122147,0.000000,0.201180,0.791140,-0.577602,0.000000,0.285762,0.516608,0.807129,0.000000,3.241952,0.000000,-0.000032,1.000000;;
     }

     Frame skart_sita_1_3 {
      

      FrameTransformMatrix {
       0.980088,-0.041601,-0.194159,0.000000,-0.018726,-0.992814,0.118196,0.000000,-0.197680,-0.112206,-0.973823,0.000000,2.520793,0.000001,0.000044,1.000000;;
      }

      Frame skart_sita_1_4 {
       

       FrameTransformMatrix {
        0.874515,-0.063880,-0.480773,0.000000,-0.450565,-0.473856,-0.756605,0.000000,-0.179485,0.878282,-0.443177,0.000000,2.827877,0.000007,0.000055,1.000000;;
       }
      }
     }
    }
   }
  }

  Frame konakksetu_L {
   

   FrameTransformMatrix {
    0.207304,-0.003826,-0.978269,0.000000,0.018476,0.999829,0.000005,0.000000,0.978102,-0.018076,0.207339,0.000000,9.887893,-0.182728,0.001734,1.000000;;
   }

   Frame hutomomo_L {
    

    FrameTransformMatrix {
     -0.257474,0.194493,-0.946509,0.000000,0.038540,0.980821,0.191060,0.000000,0.965516,0.012715,-0.260032,0.000000,0.974223,-0.000000,-0.000001,1.000000;;
    }

    Frame bennkei_L {
     

     FrameTransformMatrix {
      0.925385,-0.375839,0.049062,0.000000,0.374561,0.926600,0.033406,0.000000,-0.058016,-0.012537,0.998237,0.000000,3.512703,-0.000000,-0.000007,1.000000;;
     }

     Frame asikkubi_L {
      

      FrameTransformMatrix {
       0.816259,0.577283,-0.021553,0.000000,-0.577124,0.816542,0.013630,0.000000,0.025467,0.001313,0.999675,0.000000,4.186564,0.000000,0.000000,1.000000;;
      }

      Frame asisaki_L {
       

       FrameTransformMatrix {
        0.711407,0.702712,0.009800,0.000000,-0.702178,0.711305,-0.031466,0.000000,-0.029082,0.015504,0.999457,0.000000,1.897376,-0.000000,0.000000,1.000000;;
       }
      }
     }
    }
   }
  }

  Frame kokannsetu_R {
   

   FrameTransformMatrix {
    0.195737,-0.003627,0.980650,0.000000,0.018477,0.999829,0.000010,0.000000,-0.980482,0.018117,0.195770,0.000000,9.887892,-0.182729,0.001734,1.000000;;
   }

   Frame hutomomo_R {
    

    FrameTransformMatrix {
     -0.256626,0.063734,0.964407,0.000000,0.013778,0.997963,-0.062285,0.000000,-0.966413,-0.002696,-0.256981,0.000000,0.974223,0.000000,0.000000,1.000000;;
    }

    Frame bennkei_R {
     

     FrameTransformMatrix {
      0.962220,-0.263357,-0.069105,0.000000,0.262762,0.964698,-0.017730,0.000000,0.071334,-0.001098,0.997452,0.000000,3.512700,-0.000000,0.000007,1.000000;;
     }

     Frame ashikubu_R {
      

      FrameTransformMatrix {
       0.815244,0.578717,0.021526,0.000000,-0.578557,0.815527,-0.013667,0.000000,-0.025464,-0.001312,0.999675,0.000000,4.186567,0.000000,-0.000001,1.000000;;
      }

      Frame asisaki_R {
       

       FrameTransformMatrix {
        0.666767,0.745209,-0.009185,0.000000,-0.744662,0.666672,0.032051,0.000000,0.030008,-0.014531,0.999444,0.000000,1.897376,-0.000000,-0.000000,1.000000;;
       }
      }
     }
    }
   }
  }
 }

 Frame ______012 {
  

  FrameTransformMatrix {
   0.083200,0.000000,0.000000,0.000000,0.000000,-1.000000,0.000000,0.000000,0.000000,0.000000,-1.000000,0.000000,-0.121425,15.936346,-1.679644,1.000000;;
  }

  Mesh ______012 {
   2341;
   -7.341129;-3.119556;-1.079917;,
   -7.204684;-3.160843;-1.313982;,
   -3.868051;-3.319280;-1.257665;,
   -4.056824;-3.262584;-0.980322;,
   -6.598143;-1.191173;-1.135315;,
   -4.886737;-1.019031;-1.008478;,
   -5.052936;-1.094125;-1.256519;,
   -7.333966;-1.318523;-1.336763;,
   -9.671738;-1.928212;-1.513711;,
   -10.312742;-2.146430;-1.530740;,
   -9.925530;-2.119062;-1.253439;,
   -9.384687;-1.890855;-1.249005;,
   -6.598210;-1.791458;-0.468020;,
   -6.983060;-2.051224;-0.431289;,
   -4.409548;-2.052788;-0.277878;,
   -4.211896;-1.785091;-0.355435;,
   -2.850005;-1.266287;-1.873826;,
   1.459432;-1.284487;-2.003103;,
   1.459432;-1.539585;-2.079706;,
   -3.400305;-1.479852;-1.922396;,
   1.459432;-2.192356;-2.318371;,
   1.459432;-2.387197;-2.327908;,
   -5.260752;-2.316066;-2.193976;,
   -5.051416;-2.113033;-2.167007;,
   1.459432;-3.375284;-1.218993;,
   1.459432;-3.325748;-0.852015;,
   1.459432;-2.056815;-0.206127;,
   1.459432;-1.790643;-0.262971;,
   0.343750;-1.773534;-0.276108;,
   0.365579;-2.056643;-0.213007;,
   -4.930760;-1.162653;-1.558016;,
   -6.637161;-1.380707;-1.672656;,
   -9.174969;-2.244436;-1.947467;,
   -8.922528;-2.022514;-1.920216;,
   -8.510082;-1.840383;-0.839545;,
   -7.980204;-1.627378;-0.840078;,
   -9.063119;-1.694677;-1.227680;,
   -9.384687;-1.890855;-1.249005;,
   -9.291738;-2.936502;-1.149747;,
   -10.355295;-2.630508;-1.208991;,
   -10.530723;-2.652693;-1.502595;,
   -9.104671;-2.973785;-1.406775;,
   -5.266058;-1.231959;-0.453412;,
   -5.650942;-1.377437;-0.414059;,
   -3.561671;-1.360631;-0.312485;,
   -3.263450;-1.231561;-0.339127;,
   -4.432225;-2.948371;-0.491720;,
   -4.448779;-2.620246;-0.289548;,
   -8.041425;-2.569394;-0.457340;,
   -7.863434;-2.881368;-0.665655;,
   -4.088545;-1.727054;-2.044839;,
   1.459432;-1.753530;-2.196910;,
   -4.334787;-3.165853;-1.883113;,
   -4.872334;-2.791345;-2.161056;,
   1.459432;-2.837061;-2.247855;,
   1.459432;-3.202465;-1.930528;,
   1.459432;-2.681567;-0.197058;,
   0.630786;-2.672584;-0.204249;,
   1.459432;-3.001294;-0.373108;,
   -7.742409;-1.648542;-1.809162;,
   -7.875669;-3.049032;-1.643331;,
   -8.823431;-2.715507;-1.895565;,
   -2.612088;-0.883314;-0.883430;,
   -4.886737;-1.019031;-1.008478;,
   -3.190530;-0.885991;-0.780237;,
   -0.843848;-0.749802;-0.620015;,
   -4.292947;-3.180625;-0.789511;,
   -7.538943;-3.039035;-0.881139;,
   -7.576328;-3.130596;-1.507119;,
   -4.085743;-3.270315;-1.581985;,
   -9.925530;-2.119062;-1.253439;,
   -9.165091;-2.069594;-0.825546;,
   -10.818309;-2.386551;-1.522422;,
   -9.237362;-2.451726;-1.949579;,
   1.459432;-0.817196;-0.799151;,
   1.029894;-0.687684;-0.576833;,
   1.459432;-3.335964;-1.563880;,
   -9.367103;-1.740362;-1.479288;,
   -8.282816;-1.829901;-1.863781;,
   -10.355295;-2.630508;-1.208991;,
   -9.291738;-2.936502;-1.149747;,
   -9.340741;-2.592180;-0.749958;,
   -7.507279;-1.442888;-0.843140;,
   -6.710766;-1.270391;-0.835110;,
   -7.379890;-1.304036;-1.172986;,
   -8.486840;-1.525770;-1.203758;,
   -6.122648;-1.583520;-0.395245;,
   -3.915060;-1.561191;-0.299203;,
   1.459432;-1.984459;-2.278023;,
   -4.594530;-1.901998;-2.109678;,
   -0.384877;-1.581005;-0.281101;,
   -8.594297;-1.564435;-1.431790;,
   -4.886737;-1.019031;-1.008478;,
   -6.598143;-1.191173;-1.135315;,
   -5.698329;-1.122960;-0.819047;,
   -3.190530;-0.885991;-0.780237;,
   1.459432;-0.504480;-2.094828;,
   1.459432;-0.886179;-2.010062;,
   -2.670302;-0.879667;-1.848905;,
   -2.351567;-0.501385;-1.928157;,
   -1.897317;-0.339598;-1.264991;,
   -1.902837;-0.667232;-1.275566;,
   1.459432;-0.620501;-1.126119;,
   1.459432;-0.349622;-1.095360;,
   -3.101656;-0.794413;-1.578141;,
   -3.864585;-0.468614;-1.640494;,
   -3.095238;-0.960283;-1.217658;,
   -4.930760;-1.162653;-1.558016;,
   -0.530416;-1.362653;-0.272257;,
   1.459432;-1.606929;-0.211751;,
   1.459432;-1.334044;-0.144303;,
   -4.930760;-1.162653;-1.558016;,
   -5.052936;-1.094125;-1.256519;,
   -3.095238;-0.960283;-1.217658;,
   1.459432;-0.903639;-0.995466;,
   -10.541057;-2.359980;-1.234222;,
   -4.398462;-2.357180;-0.244748;,
   -7.653553;-2.328740;-0.426030;,
   1.459432;-2.582042;-2.310146;,
   -5.242702;-2.519098;-2.191892;,
   1.459432;-2.377734;-0.172437;,
   0.311395;-2.374492;-0.178015;,
   -9.600474;-2.341451;-0.797571;,
   -10.541057;-2.359980;-1.234222;,
   1.459432;-1.284487;-2.003103;,
   -2.850005;-1.266287;-1.873826;,
   1.459432;-0.903639;-0.995466;,
   -4.397993;-1.057030;-0.498319;,
   -3.223309;-0.923908;-0.540165;,
   1.459432;-3.246421;-0.652547;,
   -2.634877;-1.047100;-0.390855;,
   -1.560823;-0.874926;-0.502066;,
   -0.437026;-1.250051;-0.298882;,
   1.459432;-1.264390;-0.273713;,
   1.459432;-0.678117;-0.576194;,
   -7.341129;-3.119556;-1.079917;,
   1.459432;-0.975251;-0.342696;,
   1.459432;-0.835947;-0.469610;,
   0.484237;-0.840092;-0.484901;,
   0.155582;-0.979455;-0.361216;,
   -7.379890;-1.304036;-1.172986;,
   -8.486840;-1.525770;-1.203758;,
   -9.063119;-1.694677;-1.227680;,
   -0.046362;-1.083469;-0.312473;,
   1.459432;-1.103875;-0.291800;,
   -4.056824;-3.262584;-0.980322;,
   1.459432;-3.325748;-0.852015;,
   1.459432;-1.331497;-0.502163;,
   -0.255084;-1.290429;-0.526980;,
   0.047684;-1.034086;-0.350600;,
   1.459432;-1.043874;-0.331396;,
   0.047684;-1.034086;-0.350600;,
   -0.255084;-1.290429;-0.526980;,
   -2.523359;-1.150692;-0.547533;,
   -0.280386;-1.035981;-0.345725;,
   0.095350;-0.994362;-0.335756;,
   1.459432;-0.998581;-0.313911;,
   -0.009894;-1.046192;-0.309811;,
   -0.030569;-1.063761;-0.296665;,
   1.459432;-1.076724;-0.279461;,
   1.459432;-1.060768;-0.293582;,
   -1.790900;-0.986476;-0.528577;,
   0.059561;-1.034267;-0.344905;,
   0.407425;-0.896934;-0.542931;,
   1.459432;-0.953282;-0.519469;,
   1.459432;-1.042156;-0.328409;,
   -0.280386;-1.035981;-0.345725;,
   0.078717;-1.017454;-0.334759;,
   1.459432;-1.025890;-0.317132;,
   1.459432;-0.678117;-0.576194;,
   1.029894;-0.687684;-0.576833;,
   -0.843848;-0.749802;-0.620015;,
   1.459432;-1.142153;-0.652042;,
   -0.254654;-1.129671;-0.674734;,
   1.459432;-1.331497;-0.502163;,
   0.407425;-0.896934;-0.542931;,
   -0.254654;-1.129671;-0.674734;,
   1.459432;-1.142153;-0.652042;,
   -1.790900;-0.986476;-0.528577;,
   -0.470197;-1.040740;-0.356665;,
   -0.660672;-1.043316;-0.361766;,
   10.259992;-3.119556;-1.079917;,
   6.975687;-3.262584;-0.980322;,
   6.786915;-3.319280;-1.257665;,
   10.123546;-3.160842;-1.313982;,
   9.517006;-1.191172;-1.135315;,
   10.252830;-1.318523;-1.336763;,
   7.971800;-1.094125;-1.256519;,
   7.805601;-1.019031;-1.008478;,
   12.590601;-1.928212;-1.513711;,
   12.303550;-1.890855;-1.249004;,
   12.844393;-2.119061;-1.253438;,
   13.231605;-2.146430;-1.530739;,
   9.517070;-1.791457;-0.468020;,
   7.130758;-1.785091;-0.355435;,
   7.328410;-2.052788;-0.277878;,
   9.901922;-2.051224;-0.431289;,
   5.768868;-1.266287;-1.873826;,
   6.319168;-1.479852;-1.922396;,
   7.970279;-2.113033;-2.167007;,
   8.179615;-2.316066;-2.193976;,
   2.553284;-2.056643;-0.213007;,
   2.575114;-1.773534;-0.276108;,
   7.849623;-1.162653;-1.558015;,
   9.556023;-1.380706;-1.672655;,
   11.841391;-2.022514;-1.920216;,
   12.093832;-2.244436;-1.947467;,
   11.428945;-1.840383;-0.839545;,
   12.303550;-1.890855;-1.249004;,
   11.981982;-1.694677;-1.227680;,
   10.899067;-1.627378;-0.840077;,
   12.210601;-2.936502;-1.149747;,
   12.023534;-2.973785;-1.406775;,
   13.449587;-2.652692;-1.502595;,
   13.274158;-2.630508;-1.208991;,
   8.184920;-1.231959;-0.453412;,
   6.182314;-1.231560;-0.339127;,
   6.480534;-1.360631;-0.312485;,
   8.569806;-1.377437;-0.423129;,
   7.351088;-2.948371;-0.491720;,
   10.782297;-2.881368;-0.665655;,
   10.960288;-2.569394;-0.457340;,
   7.367642;-2.620245;-0.289548;,
   7.007409;-1.727054;-2.044838;,
   7.253651;-3.165853;-1.883113;,
   7.791198;-2.791345;-2.161056;,
   2.288077;-2.672583;-0.204249;,
   10.661272;-1.648542;-1.809162;,
   10.794532;-3.049032;-1.643331;,
   11.742294;-2.715507;-1.895565;,
   5.530952;-0.883314;-0.883430;,
   3.762712;-0.749802;-0.620015;,
   6.109394;-0.885991;-0.780237;,
   7.805601;-1.019031;-1.008478;,
   7.211810;-3.180625;-0.789511;,
   10.457806;-3.039035;-0.881139;,
   7.004606;-3.270315;-1.581985;,
   10.495190;-3.130596;-1.507119;,
   12.083955;-2.069594;-0.825546;,
   12.844393;-2.119061;-1.253438;,
   12.156226;-2.451726;-1.949579;,
   13.737173;-2.386551;-1.522422;,
   1.888969;-0.687684;-0.576833;,
   11.201679;-1.829901;-1.863781;,
   12.285967;-1.740362;-1.479288;,
   13.274158;-2.630508;-1.208991;,
   12.259605;-2.592180;-0.749958;,
   12.210601;-2.936502;-1.149747;,
   10.426142;-1.442888;-0.843140;,
   11.405703;-1.525769;-1.203758;,
   10.298754;-1.304036;-1.172986;,
   9.629629;-1.270391;-0.835110;,
   6.833923;-1.561191;-0.299203;,
   9.041510;-1.583520;-0.395245;,
   7.513393;-1.901998;-2.109678;,
   3.303741;-1.581005;-0.281101;,
   11.513160;-1.564435;-1.431790;,
   7.805601;-1.019031;-1.008478;,
   6.109394;-0.885991;-0.780237;,
   8.617190;-1.122960;-0.819047;,
   9.517006;-1.191172;-1.135315;,
   5.270430;-0.501385;-1.928157;,
   5.589165;-0.879667;-1.848904;,
   4.816180;-0.339598;-1.264991;,
   4.821700;-0.667231;-1.275566;,
   6.783448;-0.468614;-1.640494;,
   6.020520;-0.794413;-1.578140;,
   6.014102;-0.960283;-1.217658;,
   7.849623;-1.162653;-1.558015;,
   3.449279;-1.362653;-0.287571;,
   7.849623;-1.162653;-1.558015;,
   6.014102;-0.960283;-1.217658;,
   7.971800;-1.094125;-1.256519;,
   13.459920;-2.359979;-1.234222;,
   10.572414;-2.328740;-0.426030;,
   7.317324;-2.357180;-0.244748;,
   8.161565;-2.519098;-2.191892;,
   2.607468;-2.374491;-0.178015;,
   13.459920;-2.359979;-1.234222;,
   12.519338;-2.341451;-0.797571;,
   5.768868;-1.266287;-1.873826;,
   7.316855;-1.057030;-0.498319;,
   6.142172;-0.923908;-0.523616;,
   4.479687;-0.874926;-0.478829;,
   5.553739;-1.047100;-0.390855;,
   3.355889;-1.250050;-0.298882;,
   10.259992;-3.119556;-1.079917;,
   2.763282;-0.979455;-0.351903;,
   2.483594;-0.840092;-0.476815;,
   10.298754;-1.304036;-1.172986;,
   11.405703;-1.525769;-1.203758;,
   11.981982;-1.694677;-1.227680;,
   2.965226;-1.083469;-0.312473;,
   6.975687;-3.262584;-0.980322;,
   2.871180;-1.034086;-0.350600;,
   3.173947;-1.290429;-0.526980;,
   2.871180;-1.034086;-0.350600;,
   3.199249;-1.035981;-0.345725;,
   5.442222;-1.150692;-0.547533;,
   3.173947;-1.290429;-0.526980;,
   2.823514;-0.994362;-0.335756;,
   2.928757;-1.046192;-0.309811;,
   2.949432;-1.063760;-0.296665;,
   4.709763;-0.986476;-0.528577;,
   2.859303;-1.034267;-0.344905;,
   2.511439;-0.896934;-0.542931;,
   3.199249;-1.035981;-0.345725;,
   2.840146;-1.017454;-0.328842;,
   1.888969;-0.687684;-0.576833;,
   3.762712;-0.749802;-0.620015;,
   3.173518;-1.129671;-0.674734;,
   2.511439;-0.896934;-0.542931;,
   3.173518;-1.129671;-0.674734;,
   4.709763;-0.986476;-0.528577;,
   3.579535;-1.043316;-0.365821;,
   3.389061;-1.040740;-0.356665;,
   -3.806022;0.500864;-0.190458;,
   -5.712401;0.354374;-0.340396;,
   0.540575;-0.146591;-1.070857;,
   1.386072;-0.000100;-0.920917;,
   -8.572247;-0.347914;-1.686139;,
   -8.473004;-0.188329;-1.255932;,
   -14.025510;-0.056273;-1.185027;,
   -14.215877;-0.193353;-1.709308;,
   -16.816037;5.340392;-2.506075;,
   -11.171744;5.546303;-2.957373;,
   -10.689492;5.195722;-2.931947;,
   -16.056856;4.979151;-2.531524;,
   -13.859022;-0.129959;-2.189303;,
   -8.829778;-0.200617;-2.230567;,
   -8.822120;-0.272469;-2.094259;,
   1.386072;5.507388;-0.097445;,
   1.386072;5.898455;-0.207711;,
   -3.702034;5.745748;-0.139744;,
   -4.762205;5.382827;-0.091905;,
   1.386072;-0.000100;-0.920917;,
   -8.264710;-0.011568;-1.041733;,
   0.540574;-0.146591;-1.070857;,
   -50.638448;6.219988;-1.629489;,
   -50.242528;6.256528;-1.564351;,
   -50.746650;6.331040;-1.857911;,
   -50.965286;6.296393;-1.850510;,
   -11.795619;0.661086;-0.525794;,
   -7.616010;0.602603;-0.489532;,
   1.025798;5.839414;-2.914407;,
   -0.005652;5.473223;-2.988183;,
   -1.808983;-0.227241;-2.260491;,
   1.386072;-0.233441;-2.238894;,
   1.386072;-0.504540;-2.098249;,
   -2.424928;-0.501383;-1.931574;,
   -14.322886;0.730509;-2.321240;,
   -8.324514;0.707298;-2.422119;,
   1.386072;0.708382;-0.450797;,
   -49.112358;6.285750;-1.520673;,
   -49.922118;6.360217;-1.763510;,
   -7.803597;1.247570;-2.391212;,
   -13.899205;1.268575;-2.243330;,
   -6.640501;1.083670;0.044167;,
   1.386072;1.196522;0.013252;,
   1.386072;1.749714;0.113116;,
   -5.161149;1.794853;0.162248;,
   -19.918030;5.238272;-1.716613;,
   -18.930870;4.900389;-1.728651;,
   -10.276671;2.993152;-1.581299;,
   -8.444312;2.984518;-0.826912;,
   -8.712289;3.360358;-0.818717;,
   -10.563617;3.337526;-1.577320;,
   -14.215877;-0.193353;-1.709308;,
   -8.572247;-0.347914;-1.686139;,
   -10.438918;15.901171;-2.702145;,
   -10.199798;15.901190;-2.558041;,
   -8.772118;15.901181;-2.769795;,
   -14.025510;-0.056273;-1.185027;,
   -14.305688;0.715217;-0.841375;,
   -15.510362;0.671797;-0.985428;,
   -49.051050;6.236960;-2.106735;,
   -49.594909;6.179612;-2.101605;,
   -50.965286;6.296393;-1.850510;,
   -50.746650;6.331040;-1.857911;,
   -3.937944;-0.468613;-1.643911;,
   -1.970676;-0.339600;-1.268408;,
   -3.937944;-0.468613;-1.643911;,
   -48.605667;6.270028;-2.003962;,
   -49.922118;6.360217;-1.763510;,
   -13.859022;-0.129959;-2.189303;,
   -14.215877;-0.193353;-1.709308;,
   -18.799178;0.027378;-1.701118;,
   -18.028920;0.214959;-2.032928;,
   -14.215877;-0.193353;-1.709308;,
   -17.773322;0.166333;-1.268243;,
   -18.799178;0.027378;-1.701118;,
   -16.773146;0.715112;-1.071039;,
   -14.322886;0.730509;-2.321240;,
   -16.329861;0.784693;-2.172899;,
   -30.791136;2.638859;-1.666113;,
   -34.742579;3.161278;-1.652993;,
   -32.939517;3.218052;-1.948899;,
   -29.602714;2.706872;-1.927257;,
   -30.459779;2.677837;-1.307645;,
   -34.386560;3.161280;-1.247618;,
   -34.742579;3.161278;-1.652993;,
   -30.791136;2.638859;-1.666113;,
   -28.108141;2.824220;-1.181948;,
   -31.173379;3.341216;-1.138219;,
   -24.861197;2.873527;-1.230511;,
   -28.101216;3.408156;-1.223895;,
   -26.307819;3.391736;-1.624870;,
   -24.037098;2.863663;-1.557999;,
   -26.937120;3.453828;-1.851861;,
   -26.307819;3.391736;-1.624870;,
   -24.037098;2.863663;-1.557999;,
   -24.554462;2.873849;-1.819565;,
   -29.715232;3.398423;-1.994867;,
   -26.309986;2.875104;-1.957219;,
   -38.920573;3.976902;-1.658227;,
   -37.426208;4.024244;-1.913870;,
   -28.014442;2.324723;-1.954498;,
   -29.371190;2.268151;-1.665234;,
   -38.628291;3.976903;-1.324133;,
   -38.920573;3.976902;-1.658227;,
   -29.371190;2.268151;-1.665234;,
   -28.716525;2.300505;-1.317843;,
   -35.962221;4.089970;-1.215120;,
   -26.022738;2.459411;-1.192715;,
   -33.688006;4.174599;-1.274530;,
   -23.136333;2.517916;-1.213567;,
   -32.497763;4.218279;-1.541094;,
   -22.035237;2.527275;-1.557158;,
   -32.609485;4.217076;-1.774601;,
   -32.497763;4.218279;-1.541094;,
   -22.035237;2.527275;-1.557158;,
   -22.523350;2.540578;-1.855350;,
   -35.118256;4.171501;-1.924363;,
   -24.733000;2.513244;-1.998536;,
   -18.785666;7.123642;-1.481449;,
   -16.809782;7.096236;-2.133559;,
   -16.218542;5.852716;-2.178961;,
   -19.063834;5.885226;-1.540018;,
   -13.611493;5.981479;-0.568866;,
   -13.838646;7.140639;-0.735587;,
   -5.931197;6.039957;-0.366562;,
   -7.035258;7.131438;-0.555757;,
   -1.017952;6.010562;-0.907202;,
   -0.468594;7.092454;-1.004472;,
   -7.035258;7.131438;-0.555757;,
   -5.931197;6.039957;-0.366562;,
   -0.578517;6.038898;-2.063279;,
   0.437779;7.097619;-1.980947;,
   -1.438517;7.070747;-2.384614;,
   -2.845900;5.928100;-2.749344;,
   -9.046004;7.028947;-2.515255;,
   -10.250334;5.852494;-2.844539;,
   -9.046004;7.028947;-2.515255;,
   -10.250334;5.852494;-2.844539;,
   -15.249661;11.025835;-2.026524;,
   -13.126762;10.966669;-2.522914;,
   -12.866065;10.420625;-2.469697;,
   -15.133107;10.485050;-1.957623;,
   -16.474568;5.989485;-2.250263;,
   -19.876222;6.021498;-1.528368;,
   -12.469315;11.118801;-1.644708;,
   -12.279183;10.632729;-1.519209;,
   -14.666571;5.457133;-0.504123;,
   -15.415662;6.157518;-0.608332;,
   -6.347702;11.196922;-1.481393;,
   -6.568080;10.699031;-1.365183;,
   -5.264501;6.270982;-0.323592;,
   -2.553758;10.647869;-1.670507;,
   -2.436229;11.185156;-1.751947;,
   -6.347702;11.196922;-1.481393;,
   -6.568080;10.699031;-1.365183;,
   -0.322358;6.008847;-0.418014;,
   -0.058060;6.166540;-0.965640;,
   -0.192201;10.481932;-2.086236;,
   -0.503699;11.091234;-2.139200;,
   -0.322358;6.008847;-0.418014;,
   1.182401;6.046854;-2.063640;,
   1.113597;6.172566;-2.042368;,
   -0.058060;6.166540;-0.965640;,
   -1.514427;10.404687;-2.530812;,
   -1.814096;11.000031;-2.592010;,
   1.025798;5.839414;-2.914407;,
   -1.360523;6.067552;-2.812746;,
   -7.160372;10.967207;-2.844312;,
   -6.990796;10.420754;-2.781832;,
   -1.360523;6.067552;-2.812746;,
   -11.059075;5.998208;-2.889320;,
   -7.160372;10.967207;-2.844312;,
   -6.990796;10.420754;-2.781832;,
   -11.021710;9.162762;-1.129474;,
   -11.033330;9.414010;-1.245431;,
   -14.626541;9.150433;-1.620666;,
   -6.160228;9.425381;-1.118294;,
   -6.073713;9.140726;-1.007544;,
   -1.970935;9.109806;-1.227855;,
   -2.612497;9.377146;-1.351134;,
   -6.160228;9.425381;-1.118294;,
   -6.073713;9.140726;-1.007544;,
   -0.927784;9.100232;-1.773680;,
   -10.998959;14.176126;-2.787517;,
   -9.721633;13.591454;-2.565057;,
   -12.030934;13.686414;-2.085426;,
   -14.646714;14.941834;-1.590520;,
   -3.941374;13.802523;-1.836846;,
